0 0.439860 0.250366 0.051748 0.245974
0 0.575524 0.229868 0.174825 0.286969
0 0.481119 0.380673 0.078322 0.240117
0 0.513287 0.454612 0.075524 0.177160
0 0.634266 0.625183 0.040559 0.181552
0 0.553147 0.563690 0.144056 0.134700
0 0.818881 0.759883 0.177622 0.079063
0 0.351049 0.715227 0.095105 0.256223
0 0.465734 0.691069 0.089510 0.278184
0 0.602797 0.733529 0.187413 0.052709
0 0.493007 0.677160 0.177622 0.039531
0 0.455245 0.894583 0.356643 0.140556
0 0.706993 0.899707 0.202797 0.159590
0 0.532867 0.829429 0.198601 0.068814
0 0.598601 0.811859 0.212587 0.112738
0 0.441958 0.742313 0.153846 0.046852

